R:
0.999908 0.0107193 -0.00826929
-0.0105921 0.999827 0.0152787
0.00843164 -0.0151897 0.999849
T:
-0.00642045 0.0160975 0.0237506
R:
0.842441 -0.339093 0.418699
0.402286 0.912823 -0.0701456
-0.358412 0.22753 0.905412
T:
0.412838 -0.131908 0.217029
R:
0.125293 -0.529254 0.839162
0.829027 0.520481 0.204483
-0.544991 0.670068 0.503978
T:
0.825875 -0.45181 0.376879
